Alabama Montgomery	1846	159.8	200,603	386,047	476,207	3
Alaska  Juneau	1906	2716.7	32,255	32,255		3
Arizona	Phoenix	1912	517.6	1,608,139	4,845,832	4,899,104	1
Arkansas	Little Rock	1821	116.2	202,591	748,031	912,604	1
California	Sacramento	1854	97.9	524,943	2,397,382	2,680,831	6
Colorado	Denver	1867	153.3	715,522	2,963,821	3,623,560	1
Connecticut	Hartford	1875	17.3	121,054	1,213,531	1,482,086	4
Delaware	Dover	1777	22.4	39,403	181,851	7,379,700	2
Florida	Tallahassee	1824	95.7	196,169	384,298		8
Georgia	Atlanta	1868	133.5	498,715	6,089,815	6,930,423	1
Hawaii	Honolulu	1845	68.4	350,964	1,016,508		1
Idaho	Boise	1865	63.8	235,684	764,718	850,341	1
Illinois	Springfield	1837	54.0	114,394	208,640	308,523	7
Indiana	Indianapolis	1825	361.5	887,642	2,111,040	2,492,514	1
Iowa	Des Moines	1857	75.8	214,133	709,466	890,322	1
Kansas	Topeka	1856	56.0	126,587	233,152		5
Kentucky	Frankfort	1792	14.7	28,602	75,393	746,045	15
Louisiana	Baton Rouge	1880	76.8	227,470	870,569		2
Maine	Augusta	1832	55.4	18,899	123,642		10
Maryland	Annapolis	1694	6.73	40,812	2,844,510	9,973,383	7
Massachusetts	Boston	1630	89.6	675,647	4,941,632	8,466,186	1
Michigan	Lansing	1847	35.0	112,644	541,297		5
Minnesota	Saint Paul	1849	52.8	311,527	3,690,261	4,078,788	2
Mississippi	Jackson	1821	104.9	153,701	591,978	671,607	1
Missouri	Jefferson City	1826	27.3	43,228	150,309		15
Montana	Helena	1875	14.0	32,091	83,058		6
Nebraska	Lincoln	1867	74.6	291,082	340,217	361,921	2
Nevada	Carson City	1861	143.4	58,639	58,639	657,958	6
New Hampshire	Concord	1808	64.3	43,976	153,808	8,466,186	3
New Jersey	Trenton	1784	7.66	90,871	387,340	23,582,649	10
New Mexico	Santa Fe	1610	37.3	87,505	154,823	1,162,523	4
New York	Albany	1797	21.4	99,224	899,262	1,190,727	6
North Carolina	Raleigh	1792	114.6	467,665	1,413,982	2,106,463	2
North Dakota	Bismarck	1883	26.9	73,622	133,626		2
Ohio	Columbus	1816	210.3	905,748	2,138,926	2,544,048	1
Oklahoma	Oklahoma City	1910	620.3	681,054	1,425,695	1,498,149	1
Oregon	Salem	1855	45.7	175,535	433,353	3,280,736	3
Pennsylvania	Harrisburg	1812	8.11	50,099	591,712	1,295,259	9
Rhode Island	Providence	1900	18.5	190,934	1,676,579	8,466,186	1
South Carolina	Columbia	1786	125.2	136,632	829,470	951,412	2
South Dakota	Pierre	1889	13.0	14,091	20,745		9
Tennessee	Nashville	1826	525.9	689,447	1,989,519	2,118,233	1
Texas	Austin	1839	305.1	961,855	2,283,371		4
Utah	Salt Lake City	1858	109.1	199,723	1,257,936	2,701,129	1
Vermont	Montpelier	1805	10.2	8,074	59,807	285,369	6
Virginia	Richmond	1780	60.1	226,610	1,314,434		4
Washington	Olympia	1853	16.7	55,605	294,793	4,953,421	23
West Virginia	Charleston	1885	31.6	48,864	258,859	779,969	1
Wisconsin	Madison	1838	68.7	269,840	680,796	910,246	2
Wyoming	Cheyenne	1869	21.1	65,132	100,512		1